   3.0277488e+00	
   3.1277488e+00	
   3.2277488e+00	
   3.0777488e+00	
   3.1777488e+00	
   3.0277488e+00	
   2.8777488e+00	
   2.7277488e+00	
   2.8277488e+00	
   2.9277488e+00	
   2.7777488e+00	
   2.8777488e+00	
   2.9777488e+00	
   3.0777488e+00	
   3.1777488e+00	
   3.0277488e+00	
   3.1277488e+00	
   3.2277488e+00	
   3.3277488e+00	
   3.4277488e+00	
   3.2777488e+00	
   3.3777488e+00	
   3.2277488e+00	
   3.3277488e+00	
   3.4277488e+00	
   3.2777488e+00	
   3.1277488e+00	
   2.9777488e+00	
   2.8277488e+00	
   2.9277488e+00	
   2.7777488e+00	
   2.8777488e+00	
   2.7277488e+00	
   2.8277488e+00	
   2.6777488e+00	
   2.7777488e+00	
   2.8777488e+00	
   2.9777488e+00	
   2.8277488e+00	
   2.6777488e+00	
   2.7777488e+00	
   2.6277488e+00	
